0.000000000000000000e+00 0.000000000000000000e+00
5.000000000000000278e-02 4.931603660152807100e-03
1.000000000000000056e-01 9.781972568037436422e-03
1.500000000000000222e-01 1.447323747960487655e-02
2.000000000000000111e-01 1.898113386928394763e-02
2.500000000000000000e-01 2.324564643513447881e-02
3.000000000000000444e-01 2.727519714362831860e-02
3.500000000000000333e-01 3.102564505805187334e-02
4.000000000000000222e-01 3.451546937345200544e-02
4.500000000000000111e-01 3.772416232735010394e-02
5.000000000000000000e-01 4.064020962225772804e-02
5.500000000000000444e-01 4.328379763375140438e-02
6.000000000000000888e-01 4.562994091502303728e-02
6.500000000000000222e-01 4.770394237333865084e-02
7.000000000000000666e-01 4.947956822994380860e-02
7.500000000000000000e-01 5.099377504021164464e-02
8.000000000000000444e-01 5.222758532308151291e-02
8.500000000000000888e-01 5.317320935776655155e-02
9.000000000000000222e-01 5.382194780880068113e-02
9.500000000000000666e-01 5.413803348329362247e-02
1.000000000000000000e+00 5.406306298199869964e-02
1.050000000000000044e+00 5.359678334675256617e-02
1.100000000000000089e+00 5.271460465822015024e-02
1.150000000000000133e+00 5.142716856404357106e-02
1.200000000000000178e+00 4.974413897322490369e-02
1.250000000000000000e+00 4.767930321473039940e-02
1.300000000000000044e+00 4.525106676967302621e-02
1.350000000000000089e+00 4.248022953436728782e-02
1.400000000000000133e+00 3.939506688079718461e-02
1.450000000000000178e+00 3.601473943564528074e-02
1.500000000000000000e+00 3.237205345825718700e-02
1.550000000000000044e+00 2.849120117699505128e-02
1.600000000000000089e+00 2.442859913275811229e-02
1.650000000000000133e+00 2.017620208517115904e-02
1.700000000000000178e+00 1.578516687925145268e-02
1.750000000000000000e+00 1.130629243575640569e-02
1.800000000000000044e+00 6.730630559397016155e-03
1.850000000000000089e+00 2.126822017527202346e-03
1.900000000000000133e+00 -2.509925281472091818e-03
1.950000000000000178e+00 -7.112690589457681956e-03
2.000000000000000000e+00 -1.168666570918948377e-02
2.050000000000000266e+00 -1.616259336252184875e-02
2.100000000000000089e+00 -2.055024381237362946e-02
2.149999999999999911e+00 -2.479867586034752852e-02
2.200000000000000178e+00 -2.885575238575631418e-02
2.250000000000000000e+00 -3.273456973118736568e-02
2.300000000000000266e+00 -3.637489638492229921e-02
2.350000000000000089e+00 -3.975188300069979613e-02
2.400000000000000355e+00 -4.283287204075163224e-02
2.450000000000000178e+00 -4.559865568185005047e-02
2.500000000000000000e+00 -4.802100099122249416e-02
2.550000000000000266e+00 -5.007913839663730854e-02
2.600000000000000089e+00 -5.175454050770865455e-02
2.650000000000000355e+00 -5.303353351531200910e-02
2.700000000000000178e+00 -5.390662261204143269e-02
2.750000000000000000e+00 -5.436300451712925558e-02
2.800000000000000266e+00 -5.442753056259784505e-02
2.850000000000000089e+00 -5.410028988458943922e-02
2.900000000000000355e+00 -5.344404379000790295e-02
2.950000000000000178e+00 -5.249673294092796483e-02
3.000000000000000000e+00 -5.126060508614577182e-02
3.050000000000000266e+00 -4.974365123203082495e-02
3.100000000000000089e+00 -4.794733552586451925e-02
3.150000000000000355e+00 -4.586354098649526867e-02
3.200000000000000178e+00 -4.350681974021973486e-02
3.250000000000000000e+00 -4.085172781187315638e-02
3.300000000000000266e+00 -3.792321839560250374e-02
3.350000000000000089e+00 -3.470143192242153979e-02
3.400000000000000355e+00 -3.119783005227909356e-02
3.450000000000000178e+00 -2.743303046262841188e-02
3.500000000000000000e+00 -2.338853639556417313e-02
3.550000000000000266e+00 -1.910844766869077699e-02
3.600000000000000089e+00 -1.458456110417923751e-02
3.650000000000000355e+00 -9.876927606789993874e-03
3.700000000000000178e+00 -5.009975233568900177e-03
3.750000000000000000e+00 -5.884753710571483110e-05
3.800000000000000266e+00 4.891548837845642594e-03
3.850000000000000089e+00 9.757522857250018611e-03
3.900000000000000355e+00 1.446465973875989131e-02
3.950000000000000178e+00 1.898833314902361596e-02
4.000000000000000000e+00 2.326868381281321785e-02
4.049999999999999822e+00 2.731381412546251414e-02
4.100000000000000533e+00 3.107969233351381283e-02
4.150000000000000355e+00 3.458469015438533911e-02
4.200000000000000178e+00 3.780826001098863687e-02
4.250000000000000000e+00 4.073897819272809251e-02
4.299999999999999822e+00 4.339669681942943252e-02
4.350000000000000533e+00 4.575651750881953861e-02
4.400000000000000355e+00 4.784366460937508614e-02
4.450000000000000178e+00 4.964328932297501495e-02
4.500000000000000000e+00 5.116372322928016553e-02
4.549999999999999822e+00 5.240308679033001127e-02
4.600000000000000533e+00 5.335310093063633241e-02
4.650000000000000355e+00 5.400595378000953850e-02
4.700000000000000178e+00 5.432626538544094857e-02
4.750000000000000000e+00 5.425513723634434182e-02
4.800000000000000711e+00 5.379239628530214923e-02
4.850000000000000533e+00 5.291329084243309722e-02
4.900000000000000355e+00 5.162854126465197396e-02
4.950000000000000178e+00 4.994782011034906016e-02
5.000000000000000000e+00 4.788473289278792622e-02
5.050000000000000711e+00 4.545780062310136871e-02
5.100000000000000533e+00 4.268777894437306847e-02
5.150000000000000355e+00 3.960304793531969902e-02
5.200000000000000178e+00 3.622269482102079968e-02
5.250000000000000000e+00 3.257938060544982722e-02
5.300000000000000711e+00 2.869740071163921075e-02
5.350000000000000533e+00 2.463383209824520498e-02
5.400000000000000355e+00 2.037969165785456782e-02
5.450000000000000178e+00 1.598669893273210740e-02
5.500000000000000000e+00 1.150560585226312327e-02
5.550000000000000711e+00 6.927112026028733882e-03
5.600000000000000533e+00 2.320117679992128590e-03
5.650000000000000355e+00 -2.320117679992267368e-03
5.700000000000000178e+00 -6.927112026028914293e-03
5.750000000000000000e+00 -1.150560585226309551e-02
5.800000000000000711e+00 -1.598669893273228781e-02
5.850000000000000533e+00 -2.037969165785470660e-02
5.900000000000000355e+00 -2.463383209824528131e-02
5.950000000000000178e+00 -2.869740071163920381e-02
6.000000000000000000e+00 -3.257938060544988967e-02
6.050000000000000711e+00 -3.622269482102088295e-02
6.100000000000000533e+00 -3.960304793531983780e-02
6.150000000000000355e+00 -4.268777894437317949e-02
6.200000000000000178e+00 -4.545780062310144504e-02
6.250000000000000000e+00 -4.788473289278792622e-02
6.300000000000000711e+00 -4.994782011034910180e-02
6.350000000000000533e+00 -5.162854126465211968e-02
6.400000000000000355e+00 -5.291329084243313885e-02
6.450000000000000178e+00 -5.379239628530216311e-02
6.500000000000000000e+00 -5.425513723634438346e-02
6.550000000000000711e+00 -5.432626538544102490e-02
6.600000000000000533e+00 -5.400595378000959401e-02
6.650000000000000355e+00 -5.335310093063629772e-02
6.700000000000000178e+00 -5.240308679032997657e-02
6.750000000000000000e+00 -5.116372322928008226e-02
6.800000000000000711e+00 -4.964328932297508434e-02
6.850000000000000533e+00 -4.784366460937504451e-02
6.900000000000000355e+00 -4.575651750881960800e-02
6.950000000000000178e+00 -4.339669681942934232e-02
7.000000000000000000e+00 -4.073897819272814802e-02
7.050000000000000711e+00 -3.780826001098862993e-02
7.100000000000000533e+00 -3.458469015438515176e-02
7.150000000000000355e+00 -3.107969233351377120e-02
7.200000000000000178e+00 -2.731381412546245169e-02
7.250000000000000000e+00 -2.326868381281331499e-02
7.300000000000000711e+00 -1.898833314902363678e-02
7.350000000000000533e+00 -1.446465973875991212e-02
7.400000000000000355e+00 -9.757522857250053305e-03
7.450000000000000178e+00 -4.891548837845607900e-03
7.500000000000000000e+00 5.884753710568013663e-05
7.550000000000000711e+00 5.009975233568990383e-03
7.600000000000000533e+00 9.876927606790042447e-03
7.650000000000000355e+00 1.458456110417923057e-02
7.700000000000000178e+00 1.910844766869091577e-02
7.750000000000000000e+00 2.338853639556415925e-02
7.800000000000000711e+00 2.743303046262858536e-02
7.850000000000000533e+00 3.119783005227906580e-02
7.900000000000000355e+00 3.470143192242158142e-02
7.950000000000000178e+00 3.792321839560250374e-02
8.000000000000000000e+00 4.085172781187322577e-02
8.050000000000000711e+00 4.350681974021976955e-02
8.099999999999999645e+00 4.586354098649526867e-02
8.150000000000000355e+00 4.794733552586455394e-02
8.200000000000001066e+00 4.974365123203089434e-02
8.250000000000000000e+00 5.126060508614578570e-02
8.300000000000000711e+00 5.249673294092802034e-02
8.349999999999999645e+00 5.344404379000786132e-02
8.400000000000000355e+00 5.410028988458950860e-02
8.450000000000001066e+00 5.442753056259779648e-02
8.500000000000000000e+00 5.436300451712933191e-02
8.550000000000000711e+00 5.390662261204148820e-02
8.599999999999999645e+00 5.303353351531200910e-02
8.650000000000000355e+00 5.175454050770857822e-02
8.700000000000001066e+00 5.007913839663727384e-02
8.750000000000000000e+00 4.802100099122249416e-02
8.800000000000000711e+00 4.559865568184986312e-02
8.849999999999999645e+00 4.283287204075159754e-02
8.900000000000000355e+00 3.975188300069978226e-02
8.950000000000001066e+00 3.637489638492221594e-02
9.000000000000000000e+00 3.273456973118743507e-02
9.050000000000000711e+00 2.885575238575627255e-02
9.099999999999999645e+00 2.479867586034759097e-02
9.150000000000000355e+00 2.055024381237356007e-02
9.200000000000001066e+00 1.616259336252181406e-02
9.250000000000000000e+00 1.168666570918956010e-02
9.300000000000000711e+00 7.112690589457515422e-03
9.349999999999999645e+00 2.509925281472161207e-03
9.400000000000000355e+00 -2.126822017527202346e-03
9.450000000000001066e+00 -6.730630559397293711e-03
9.500000000000000000e+00 -1.130629243575640569e-02
9.550000000000000711e+00 -1.578516687925152900e-02
9.600000000000001421e+00 -2.017620208517117986e-02
9.650000000000000355e+00 -2.442859913275811229e-02
9.700000000000001066e+00 -2.849120117699510679e-02
9.750000000000000000e+00 -3.237205345825721475e-02
9.800000000000000711e+00 -3.601473943564534319e-02
9.850000000000001421e+00 -3.939506688079726787e-02
9.900000000000000355e+00 -4.248022953436728782e-02
9.950000000000001066e+00 -4.525106676967299846e-02
1.000000000000000000e+01 -4.767930321473036470e-02
1.005000000000000071e+01 -4.974413897322504940e-02
1.010000000000000142e+01 -5.142716856404378617e-02
1.015000000000000036e+01 -5.271460465822008085e-02
1.020000000000000107e+01 -5.359678334675248290e-02
1.025000000000000000e+01 -5.406306298199869964e-02
1.030000000000000071e+01 -5.413803348329348369e-02
1.035000000000000142e+01 -5.382194780880067420e-02
1.040000000000000036e+01 -5.317320935776653074e-02
1.045000000000000107e+01 -5.222758532308149904e-02
1.050000000000000000e+01 -5.099377504021164464e-02
1.055000000000000071e+01 -4.947956822994380860e-02
1.060000000000000142e+01 -4.770394237333856757e-02
1.065000000000000036e+01 -4.562994091502281524e-02
1.070000000000000107e+01 -4.328379763375145989e-02
1.075000000000000000e+01 -4.064020962225764477e-02
1.080000000000000071e+01 -3.772416232735010394e-02
1.085000000000000142e+01 -3.451546937345184585e-02
1.090000000000000036e+01 -3.102564505805178313e-02
1.095000000000000107e+01 -2.727519714362824921e-02
1.100000000000000000e+01 -2.324564643513443718e-02
1.105000000000000071e+01 -1.898113386928391294e-02
1.110000000000000142e+01 -1.447323747960479329e-02
1.115000000000000036e+01 -9.781972568037394788e-03
1.120000000000000107e+01 -4.931603660152779345e-03
1.125000000000000000e+01 -3.469446951953614189e-17
